8.00859e-307
1.60172e-306
3.46076
18.2026
28.7949
37.3231
40.5328
43.8582
47.1837
50.5091
53.8346
57.16
60.4855
63.8109
67.1363
82.7874
98.4385
534.843
971.247
1.71975e+012
3.4395e+012
1.81518e+079
3.63037e+079
5.44555e+079
7.26074e+079
9.07592e+079
1.08911e+080
1.27063e+080
1.45215e+080
1.63367e+080
1.81518e+080
1.9967e+080
2.17822e+080
2.35974e+080
2.54126e+080
2.72278e+080
2.9043e+080
3.08581e+080
3.26733e+080
3.44885e+080
3.63037e+080
3.81189e+080
3.99341e+080
4.17493e+080
4.35644e+080
4.53796e+080
4.71948e+080
4.901e+080
5.08252e+080
5.26404e+080
5.44555e+080
5.62707e+080
5.80859e+080
5.99011e+080
6.17163e+080
6.35315e+080
6.53467e+080
6.71618e+080
6.8977e+080
7.07922e+080
7.26074e+080
7.44226e+080
7.62378e+080
7.80529e+080
7.98681e+080
8.16833e+080
8.34985e+080
8.53137e+080
8.71289e+080
8.89441e+080
9.07592e+080
9.25744e+080
9.43896e+080
9.62048e+080
9.802e+080
9.98352e+080
1.0165e+081
1.03466e+081
1.05281e+081
1.07096e+081
1.08911e+081
1.10726e+081
1.12541e+081
1.14357e+081
1.16172e+081
1.17987e+081
1.19802e+081
1.21617e+081
1.23433e+081
1.25248e+081
1.27063e+081
1.28878e+081
1.30693e+081
1.32508e+081
1.34324e+081
1.36139e+081
1.37954e+081
1.39769e+081
1.41584e+081
1.434e+081
1.45215e+081
1.4703e+081
1.48845e+081
1.5066e+081
1.52476e+081
1.54291e+081
1.56106e+081
1.57921e+081
1.59736e+081
1.61551e+081
1.63367e+081
1.65182e+081
1.66997e+081
1.68812e+081
1.70627e+081
1.72443e+081
1.74258e+081
1.76073e+081
1.77888e+081
1.79703e+081
1.81518e+081
1.83334e+081
1.85149e+081
1.86964e+081
1.88779e+081
1.90594e+081
1.9241e+081
1.94225e+081
1.9604e+081
1.97855e+081
1.9967e+081
2.01486e+081
2.03301e+081
2.05116e+081
2.06931e+081
2.08746e+081
2.10561e+081
2.12377e+081
2.14192e+081
2.16007e+081
2.17822e+081
2.19637e+081
2.21453e+081
2.23268e+081
2.25083e+081
2.26898e+081
2.28713e+081
2.30528e+081
2.32344e+081
2.34159e+081
2.35974e+081
2.37789e+081
2.39604e+081
2.4142e+081
2.43235e+081
2.4505e+081
2.46865e+081
2.4868e+081
2.50496e+081
2.52311e+081
2.54126e+081
2.55941e+081
2.57756e+081
2.59571e+081
2.61387e+081
2.63202e+081
2.65017e+081
2.66832e+081
2.68647e+081
2.70463e+081
2.72278e+081
2.74093e+081
2.75908e+081
2.77723e+081
2.79538e+081
2.81354e+081
2.83169e+081
2.84984e+081
2.86799e+081
2.88614e+081
2.9043e+081
2.92245e+081
2.9406e+081
2.95875e+081
2.9769e+081
2.99505e+081
3.01321e+081
3.03136e+081
3.04951e+081
3.06766e+081
3.08581e+081
3.10397e+081
3.12212e+081
3.14027e+081
3.15842e+081
3.17657e+081
3.19473e+081
3.21288e+081
3.23103e+081
3.24918e+081
3.26733e+081
3.28548e+081
3.30364e+081
3.32179e+081
3.33994e+081
3.35809e+081
3.37624e+081
3.3944e+081
3.41255e+081
3.4307e+081
3.44885e+081
3.467e+081
3.48515e+081
3.50331e+081
3.52146e+081
3.53961e+081
3.55776e+081
3.57591e+081
3.59407e+081
3.61222e+081
3.63037e+081
3.64852e+081
3.66667e+081
3.68483e+081
3.70298e+081
3.72113e+081
3.73928e+081
3.75743e+081
3.77558e+081
3.79374e+081
3.81189e+081
3.83004e+081
3.84819e+081
3.86634e+081
3.8845e+081
3.90265e+081
3.9208e+081
3.93895e+081
3.9571e+081
3.97525e+081
3.99341e+081
4.01156e+081
4.02971e+081
4.04786e+081
4.06601e+081
4.08417e+081
4.10232e+081
4.12047e+081
4.13862e+081
4.15677e+081
4.17493e+081
4.19308e+081
4.21123e+081
4.22938e+081
4.24753e+081
4.26568e+081
4.28384e+081
4.30199e+081
4.32014e+081
4.33829e+081
4.35644e+081
4.3746e+081
4.39275e+081
4.4109e+081
4.42905e+081
4.4472e+081
4.46535e+081
4.48351e+081
4.50166e+081
4.51981e+081
4.53796e+081
4.55611e+081
4.57427e+081
4.59242e+081
4.61057e+081
4.62872e+081
4.64687e+081
4.66502e+081
4.68318e+081
4.70133e+081
4.71948e+081
4.73763e+081
4.75578e+081
4.77394e+081
4.79209e+081
4.81024e+081
4.82839e+081
4.84654e+081
4.8647e+081
4.88285e+081
4.901e+081
4.91915e+081
4.9373e+081
4.95545e+081
4.97361e+081
4.99176e+081
5.00991e+081
5.02806e+081
5.04621e+081
5.06437e+081
5.08252e+081
5.10067e+081
5.11882e+081
5.13697e+081
5.15512e+081
5.17328e+081
5.19143e+081
5.20958e+081
5.22773e+081
5.24588e+081
5.26404e+081
5.28219e+081
5.30034e+081
5.31849e+081
5.33664e+081
5.3548e+081
5.37295e+081
5.3911e+081
5.40925e+081
5.4274e+081
5.44555e+081
5.46371e+081
5.48186e+081
5.50001e+081
5.51816e+081
5.53631e+081
5.55447e+081
5.57262e+081
5.59077e+081
5.60892e+081
5.62707e+081
5.64522e+081
5.66338e+081
5.68153e+081
5.69968e+081
5.71783e+081
5.73598e+081
5.75414e+081
5.77229e+081
5.79044e+081
5.80859e+081
5.82674e+081
5.8449e+081
5.86305e+081
5.8812e+081
5.89935e+081
5.9175e+081
5.93565e+081
5.95381e+081
5.97196e+081
5.99011e+081
6.00826e+081
6.02641e+081
6.04457e+081
6.06272e+081
6.08087e+081
6.09902e+081
6.11717e+081
6.13532e+081
6.15348e+081
6.17163e+081
6.18978e+081
6.20793e+081
6.22608e+081
6.24424e+081
6.26239e+081
6.28054e+081
6.29869e+081
6.31684e+081
6.335e+081
6.35315e+081
6.3713e+081
6.38945e+081
6.4076e+081
6.42575e+081
6.44391e+081
6.46206e+081
6.48021e+081
6.49836e+081
6.51651e+081
6.53467e+081
6.55282e+081
6.57097e+081
6.58912e+081
6.60727e+081
6.62542e+081
6.64358e+081
6.66173e+081
6.67988e+081
6.69803e+081
6.71618e+081
6.73434e+081
6.75249e+081
6.77064e+081
6.78879e+081
6.80694e+081
6.82509e+081
6.84325e+081
6.8614e+081
6.87955e+081
6.8977e+081
6.91585e+081
6.93401e+081
6.95216e+081
6.97031e+081
6.98846e+081
7.00661e+081
7.02477e+081
7.04292e+081
7.06107e+081
7.07922e+081
7.09737e+081
7.11552e+081
7.13368e+081
7.15183e+081
7.16998e+081
7.18813e+081
7.20628e+081
7.22444e+081
7.24259e+081
7.26074e+081
7.27889e+081
7.29704e+081
7.31519e+081
7.33335e+081
7.3515e+081
7.36965e+081
7.3878e+081
7.40595e+081
7.42411e+081
7.44226e+081
7.46041e+081
7.47856e+081
7.49671e+081
7.51487e+081
7.53302e+081
7.55117e+081
7.56932e+081
7.58747e+081
7.60562e+081
7.62378e+081
7.64193e+081
7.66008e+081
7.67823e+081
7.69638e+081
7.71454e+081
7.73269e+081
7.75084e+081
7.76899e+081
7.78714e+081
7.80529e+081
7.82345e+081
7.8416e+081
7.85975e+081
7.8779e+081
7.89605e+081
7.91421e+081
7.93236e+081
7.95051e+081
7.96866e+081
7.98681e+081
8.00497e+081
8.02312e+081
8.04127e+081
8.05942e+081
8.07757e+081
8.09572e+081
8.11388e+081
8.13203e+081
8.15018e+081
8.16833e+081
8.18648e+081
8.20464e+081
8.22279e+081
8.24094e+081
8.25909e+081
8.27724e+081
8.29539e+081
8.31355e+081
8.3317e+081
8.34985e+081
8.368e+081
8.38615e+081
8.40431e+081
8.42246e+081
8.44061e+081
8.45876e+081
8.47691e+081
8.49506e+081
8.51322e+081
8.53137e+081
8.54952e+081
8.56767e+081
8.58582e+081
8.60398e+081
8.62213e+081
8.64028e+081
8.65843e+081
8.67658e+081
8.69474e+081
8.71289e+081
8.73104e+081
8.74919e+081
8.76734e+081
8.78549e+081
8.80365e+081
8.8218e+081
8.83995e+081
8.8581e+081
8.87625e+081
8.89441e+081
8.91256e+081
8.93071e+081
8.94886e+081
8.96701e+081
8.98516e+081
9.00332e+081
9.02147e+081
9.03962e+081
9.05777e+081
9.07592e+081
9.09408e+081
9.11223e+081
9.13038e+081
9.14853e+081
9.16668e+081
9.18484e+081
9.20299e+081
9.22114e+081
9.23929e+081
9.25744e+081
9.27559e+081
9.29375e+081
9.3119e+081
9.33005e+081
9.3482e+081
9.36635e+081
9.38451e+081
9.40266e+081
9.42081e+081
9.43896e+081
9.45711e+081
9.47526e+081
9.49342e+081
9.51157e+081
9.52972e+081
9.54787e+081
9.56602e+081
9.58418e+081
9.60233e+081
9.62048e+081
9.63863e+081
9.65678e+081
9.67494e+081
9.69309e+081
9.71124e+081
9.72939e+081
9.74754e+081
9.76569e+081
9.78385e+081
9.802e+081
9.82015e+081
9.8383e+081
9.85645e+081
9.87461e+081
9.89276e+081
9.91091e+081
9.92906e+081
9.94721e+081
9.96536e+081
9.98352e+081
1.00017e+082
1.00198e+082
1.0038e+082
1.00561e+082
1.00743e+082
1.00924e+082
1.01106e+082
1.01287e+082
1.01469e+082
1.0165e+082
1.01832e+082
1.02013e+082
1.02195e+082
1.02376e+082
1.02558e+082
1.02739e+082
1.02921e+082
1.03102e+082
1.03284e+082
1.03466e+082
1.03647e+082
1.03829e+082
1.0401e+082
1.04192e+082
1.04373e+082
1.04555e+082
1.04736e+082
1.04918e+082
1.05099e+082
1.05281e+082
1.05462e+082
1.05644e+082
1.05825e+082
1.06007e+082
1.06188e+082
1.0637e+082
1.06551e+082
1.06733e+082
1.06914e+082
1.07096e+082
1.07277e+082
1.07459e+082
1.0764e+082
1.07822e+082
1.08003e+082
1.08185e+082
1.08367e+082
1.08548e+082
1.0873e+082
1.08911e+082
1.09093e+082
1.09274e+082
1.09456e+082
1.09637e+082
1.09819e+082
1.1e+082
1.10182e+082
1.10363e+082
1.10545e+082
1.10726e+082
1.10908e+082
1.11089e+082
1.11271e+082
1.11452e+082
1.11634e+082
1.11815e+082
1.11997e+082
1.12178e+082
1.1236e+082
1.12541e+082
1.12723e+082
1.12904e+082
1.13086e+082
1.13268e+082
1.13449e+082
1.13631e+082
1.13812e+082
1.13994e+082
1.14175e+082
1.14357e+082
1.14538e+082
1.1472e+082
1.14901e+082
1.15083e+082
1.15264e+082
1.15446e+082
1.15627e+082
1.15809e+082
1.1599e+082
1.16172e+082
1.16353e+082
1.16535e+082
1.16716e+082
1.16898e+082
1.17079e+082
1.17261e+082
1.17442e+082
1.17624e+082
1.17805e+082
1.17987e+082
1.18169e+082
1.1835e+082
1.18532e+082
1.18713e+082
1.18895e+082
1.19076e+082
1.19258e+082
1.19439e+082
1.19621e+082
1.19802e+082
1.19984e+082
1.20165e+082
1.20347e+082
1.20528e+082
1.2071e+082
1.20891e+082
1.21073e+082
1.21254e+082
1.21436e+082
1.21617e+082
1.21799e+082
1.2198e+082
1.22162e+082
1.22343e+082
1.22525e+082
1.22706e+082
1.22888e+082
1.2307e+082
1.23251e+082
1.23433e+082
1.23614e+082
1.23796e+082
1.23977e+082
1.24159e+082
1.2434e+082
1.24522e+082
1.24703e+082
1.24885e+082
1.25066e+082
1.25248e+082
1.25429e+082
1.25611e+082
1.25792e+082
1.25974e+082
1.26155e+082
1.26337e+082
1.26518e+082
1.267e+082
1.26881e+082
1.27063e+082
1.27244e+082
1.27426e+082
1.27607e+082
1.27789e+082
1.27971e+082
1.28152e+082
1.28334e+082
1.28515e+082
1.28697e+082
1.28878e+082
1.2906e+082
1.29241e+082
1.29423e+082
1.29604e+082
1.29786e+082
1.29967e+082
1.30149e+082
1.3033e+082
1.30512e+082
1.30693e+082
1.30875e+082
1.31056e+082
1.31238e+082
1.31419e+082
1.31601e+082
1.31782e+082
1.31964e+082
1.32145e+082
1.32327e+082
1.32508e+082
1.3269e+082
1.32872e+082
1.33053e+082
1.33235e+082
1.33416e+082
1.33598e+082
1.33779e+082
1.33961e+082
1.34142e+082
1.34324e+082
1.34505e+082
1.34687e+082
1.34868e+082
1.3505e+082
1.35231e+082
1.35413e+082
1.35594e+082
1.35776e+082
1.35957e+082
1.36139e+082
1.3632e+082
1.36502e+082
1.36683e+082
1.36865e+082
1.37046e+082
1.37228e+082
1.37409e+082
1.37591e+082
1.37773e+082
1.37954e+082
1.38136e+082
1.38317e+082
1.38499e+082
1.3868e+082
1.38862e+082
1.39043e+082
1.39225e+082
1.39406e+082
1.39588e+082
1.39769e+082
1.39951e+082
1.40132e+082
1.40314e+082
1.40495e+082
1.40677e+082
1.40858e+082
1.4104e+082
1.41221e+082
1.41403e+082
1.41584e+082
1.41766e+082
1.41947e+082
1.42129e+082
1.4231e+082
1.42492e+082
1.42674e+082
1.42855e+082
1.43037e+082
1.43218e+082
1.434e+082
1.43581e+082
1.43763e+082
1.43944e+082
1.44126e+082
1.44307e+082
1.44489e+082
1.4467e+082
1.44852e+082
1.45033e+082
1.45215e+082
1.45396e+082
1.45578e+082
1.45759e+082
1.45941e+082
1.46122e+082
1.46304e+082
1.46485e+082
1.46667e+082
1.46848e+082
1.4703e+082
1.47211e+082
1.47393e+082
1.47575e+082
1.47756e+082
1.47938e+082
1.48119e+082
1.48301e+082
1.48482e+082
1.48664e+082
1.48845e+082
1.49027e+082
1.49208e+082
1.4939e+082
1.49571e+082
1.49753e+082
1.49934e+082
1.50116e+082
1.50297e+082
1.50479e+082
1.5066e+082
1.50842e+082
1.51023e+082
1.51205e+082
1.51386e+082
1.51568e+082
1.51749e+082
1.51931e+082
1.52112e+082
1.52294e+082
1.52476e+082
1.52657e+082
1.52839e+082
1.5302e+082
1.53202e+082
1.53383e+082
1.53565e+082
1.53746e+082
1.53928e+082
1.54109e+082
1.54291e+082
1.54472e+082
1.54654e+082
1.54835e+082
1.55017e+082
1.55198e+082
1.5538e+082
1.55561e+082
1.55743e+082
1.55924e+082
1.56106e+082
1.56287e+082
1.56469e+082
1.5665e+082
1.56832e+082
1.57013e+082
1.57195e+082
1.57377e+082
1.57558e+082
1.5774e+082
1.57921e+082
1.58103e+082
1.58284e+082
1.58466e+082
1.58647e+082
1.58829e+082
1.5901e+082
1.59192e+082
1.59373e+082
1.59555e+082
1.59736e+082
1.59918e+082
1.60099e+082
1.60281e+082
1.60462e+082
1.60644e+082
1.60825e+082
1.61007e+082
1.61188e+082
1.6137e+082
1.61551e+082
1.61733e+082
1.61914e+082
1.62096e+082
1.62278e+082
1.62459e+082
1.62641e+082
1.62822e+082
1.63004e+082
1.63185e+082
1.63367e+082
1.63548e+082
1.6373e+082
1.63911e+082
1.64093e+082
1.64274e+082
1.64456e+082
1.64637e+082
1.64819e+082
1.65e+082
1.65182e+082
1.65363e+082
1.65545e+082
1.65726e+082
1.65908e+082
1.66089e+082
1.66271e+082
1.66452e+082
1.66634e+082
1.66815e+082
1.66997e+082
1.67179e+082
1.6736e+082
1.67542e+082
1.67723e+082
1.67905e+082
1.68086e+082
1.68268e+082
1.68449e+082
1.68631e+082
1.68812e+082
1.68994e+082
1.69175e+082
1.69357e+082
1.69538e+082
1.6972e+082
1.69901e+082
1.70083e+082
1.70264e+082
1.70446e+082
1.70627e+082
1.70809e+082
1.7099e+082
1.71172e+082
1.71353e+082
1.71535e+082
1.71716e+082
1.71898e+082
1.7208e+082
1.72261e+082
1.72443e+082
1.72624e+082
1.72806e+082
1.72987e+082
1.73169e+082
1.7335e+082
1.73532e+082
1.73713e+082
1.73895e+082
1.74076e+082
1.74258e+082
1.74439e+082
1.74621e+082
1.74802e+082
1.74984e+082
1.75165e+082
1.75347e+082
1.75528e+082
1.7571e+082
1.75891e+082
1.76073e+082
1.76254e+082
1.76436e+082
1.76617e+082
1.76799e+082
1.76981e+082
1.77162e+082
1.77344e+082
1.77525e+082
1.77707e+082
